0 0.8446893787575149 0.7605421686746988 0.03406813627254509 0.057228915662650606
1 0.8887775551102204 0.8207831325301205 0.04208416833667334 0.08132530120481928
1 0.48697394789579157 0.8328313253012049 0.312625250501002 0.12951807228915663
0 0.43286573146292584 0.5346385542168675 0.044088176352705406 0.05120481927710844
0 0.5761523046092184 0.5798192771084337 0.026052104208416832 0.057228915662650606
1 0.7965931863727455 0.6686746987951807 0.13026052104208416 0.16265060240963855
0 0.3216432865731463 0.5210843373493976 0.0501002004008016 0.21084337349397592
0 0.5090180360721442 0.6069277108433735 0.04809619238476953 0.06325301204819278
0 0.8026052104208417 0.2620481927710844 0.29058116232464926 0.3313253012048193
0 0.6262525050100199 0.6310240963855422 0.0501002004008016 0.11144578313253013
0 0.7595190380761523 0.8403614457831325 0.2004008016032064 0.1746987951807229
