1 0.7557291666666667 0.1 0.203125 0.19814814814814816
1 0.8799479166666666 0.6064814814814815 0.1421875 0.2518518518518519
1 0.46458333333333335 0.3861111111111111 0.24687499999999998 0.34074074074074073
1 0.16744791666666667 0.25277777777777777 0.3140625 0.4962962962962963
0 0.19973958333333333 0.5101851851851852 0.10052083333333334 0.16666666666666669
1 0.7229166666666667 0.3907407407407408 0.221875 0.3462962962962963
0 0.16276041666666666 0.700462962962963 0.01614583333333333 0.04722222222222222
0 0.22916666666666666 0.47870370370370374 0.042708333333333334 0.10925925925925926
0 0.5494791666666666 0.736574074074074 0.03333333333333333 0.058333333333333334
0 0.3963541666666667 0.5912037037037037 0.036458333333333336 0.10277777777777779
0 0.3138020833333333 0.46342592592592596 0.0484375 0.13240740740740742
