1 0.5560064935064936 0.061111111111111116 0.17694805194805197 0.12037037037037038
0 0.18506493506493507 0.24814814814814815 0.32142857142857145 0.1
0 0.7053571428571429 0.6 0.19642857142857145 0.05185185185185186
1 0.2711038961038961 0.0787037037037037 0.2077922077922078 0.15925925925925927
0 0.637987012987013 0.2935185185185185 0.4480519480519481 0.0962962962962963
1 0.18831168831168832 0.4481481481481482 0.21103896103896105 0.12592592592592594
0 0.12012987012987014 0.09953703703703703 0.11363636363636365 0.20092592592592592
0 0.6420454545454546 0.08935185185185185 0.40422077922077926 0.17500000000000002
0 0.18831168831168832 0.537962962962963 0.19805194805194806 0.05
0 0.41801948051948057 0.5685185185185185 0.15097402597402598 0.044444444444444446
