0 0.7937181663837012 0.5452196382428941 0.03225806451612903 0.103359173126615
1 0.13582342954159593 0.43927648578811374 0.27504244482173174 0.3152454780361757
1 0.48896434634974534 0.1640826873385013 0.12224108658743633 0.3178294573643411
1 0.056876061120543296 0.14599483204134367 0.11714770797962648 0.24031007751937986
1 0.3404074702886248 0.19896640826873385 0.16129032258064516 0.3875968992248062
1 0.9609507640067911 0.18863049095607237 0.07470288624787776 0.3824289405684755
1 0.6502546689303905 0.32170542635658916 0.11884550084889643 0.3385012919896641
0 0.3828522920203735 0.5671834625322998 0.13752122241086587 0.12661498708010335
1 0.8089983022071308 0.24160206718346255 0.14091680814940577 0.48837209302325585
0 0.9193548387096774 0.5012919896640827 0.15789473684210525 0.21705426356589147
