0 0.9561111111111111 0.6366666666666667 0.08555555555555555 0.2366666666666667
0 0.21444444444444444 0.5858333333333333 0.06444444444444444 0.155
0 0.98 0.125 0.03777777777777778 0.17666666666666667
1 0.385 0.9 0.18555555555555556 0.18333333333333335
1 0.33166666666666667 0.6033333333333334 0.1411111111111111 0.27666666666666667
1 0.5244444444444445 0.38083333333333336 0.1511111111111111 0.21166666666666667
1 0.8572222222222222 0.5700000000000001 0.09666666666666666 0.14
1 0.83 0.17750000000000002 0.14 0.12166666666666667
1 0.06722222222222222 0.3825 0.13666666666666666 0.23500000000000001
0 0.635 0.5891666666666667 0.5455555555555556 0.7783333333333334
