1 0.2575 0.6018691588785047 0.045 0.06355140186915888
1 0.77625 0.05514018691588785 0.15 0.102803738317757
1 0.41375 0.31401869158878504 0.085 0.09345794392523366
1 0.5725 0.29345794392523367 0.07 0.10093457943925234
1 0.203125 0.46635514018691593 0.11125 0.14766355140186915
0 0.64125 0.29158878504672897 0.2 0.5308411214953271
0 0.1 0.5869158878504673 0.0625 0.06355140186915888
0 0.403125 0.47009345794392526 0.16375 0.23738317757009347
0 0.055625 0.908411214953271 0.03875 0.10467289719626169
0 0.2775 0.7757009345794393 0.17250000000000001 0.3738317757009346
