1 0.436 0.22222222222222224 0.116 0.1851851851851852
1 0.602 0.6222222222222222 0.088 0.08888888888888889
1 0.467 0.1425925925925926 0.13 0.27037037037037037
0 0.527 0.8740740740740741 0.026000000000000002 0.02962962962962963
0 0.8310000000000001 0.4537037037037037 0.038 0.07037037037037037
0 0.678 0.8388888888888889 0.024 0.040740740740740744
1 0.161 0.5851851851851853 0.106 0.2518518518518519
0 0.41300000000000003 0.7925925925925926 0.146 0.12592592592592594
0 0.607 0.37777777777777777 0.194 0.20740740740740743
0 0.152 0.762962962962963 0.156 0.13333333333333333
