0 0.11866666666666666 0.7729124236252545 0.06666666666666667 0.07535641547861506
0 0.344 0.7586558044806516 0.021333333333333333 0.03462321792260692
0 0.5653333333333334 0.7321792260692463 0.06933333333333333 0.05498981670061099
1 0.03 0.6995926680244399 0.06266666666666666 0.11201629327902239
1 0.22866666666666666 0.640529531568228 0.108 0.12423625254582484
1 0.4353333333333333 0.3869653767820774 0.28933333333333333 0.3217922606924643
0 0.154 0.7535641547861507 0.124 0.09368635437881873
0 0.6739999999999999 0.3625254582484725 0.132 0.19144602851323828
0 0.3253333333333333 0.6588594704684317 0.112 0.1731160896130346
0 0.442 0.6059063136456211 0.052 0.12016293279022403
