0 0.5772222222222222 0.5848585690515807 0.023333333333333334 0.021630615640599003
0 0.8622222222222222 0.5940099833610649 0.044444444444444446 0.04991680532445924
0 0.6655555555555556 0.4800332778702163 0.026666666666666665 0.03161397670549085
0 0.7972222222222223 0.4525790349417637 0.016666666666666666 0.04326123128119801
1 0.6544444444444445 0.10898502495840266 0.2288888888888889 0.21797004991680533
0 0.035555555555555556 0.697171381031614 0.07111111111111111 0.05324459234608985
1 0.8633333333333333 0.45174708818635606 0.1 0.2146422628951747
0 0.24 0.326955074875208 0.48 0.3277870216306156
0 0.82 0.5831946755407654 0.12666666666666668 0.09484193011647254
0 0.6055555555555555 0.2545757071547421 0.08666666666666667 0.08985024958402663
