0 0.3246492985971944 0.8352272727272727 0.29659318637274545 0.2272727272727273
1 0.9509018036072143 0.3778409090909091 0.07014028056112225 0.07954545454545454
0 0.8166332665330661 0.3622159090909091 0.32665330661322645 0.22443181818181818
0 0.13927855711422846 0.390625 0.09018036072144288 0.07670454545454546
0 0.7284569138276552 0.31960227272727276 0.11022044088176351 0.11647727272727273
0 0.2374749498997996 0.7982954545454546 0.1062124248496994 0.13068181818181818
0 0.9128256513026052 0.2372159090909091 0.1342685370741483 0.1903409090909091
0 0.41783567134268534 0.7386363636363636 0.13827655310621242 0.20454545454545456
1 0.9308617234468937 0.7286931818181819 0.11422845691382764 0.3210227272727273
0 0.8096192384769538 0.7840909090909091 0.11222444889779558 0.125
0 0.39979959919839675 0.32670454545454547 0.18236472945891782 0.24431818181818182
1 0.4128256513026052 0.13210227272727273 0.13627254509018036 0.19602272727272727
