0 0.63 0.64 0.508 0.5800000000000001
1 0.734 0.17500000000000002 0.152 0.3166666666666667
1 0.179 0.48333333333333334 0.202 0.15333333333333335
0 0.734 0.35833333333333334 0.252 0.09000000000000001
1 0.159 0.13166666666666668 0.322 0.26333333333333336
0 0.8170000000000001 0.6950000000000001 0.08600000000000001 0.19666666666666668
0 0.654 0.8133333333333334 0.312 0.17333333333333334
0 0.5720000000000001 0.49500000000000005 0.352 0.25
1 0.14100000000000001 0.7916666666666667 0.114 0.23
0 0.28700000000000003 0.8016666666666667 0.20600000000000002 0.31
