1 0.17777777777777778 0.5118881118881119 0.19444444444444445 0.13426573426573427
0 0.23935185185185187 0.8125874125874126 0.30648148148148147 0.37202797202797205
0 0.14444444444444446 0.9496503496503497 0.11666666666666667 0.0979020979020979
0 0.7347222222222223 0.37552447552447554 0.24722222222222223 0.07132867132867132
1 0.23796296296296296 0.16573426573426572 0.19074074074074074 0.25034965034965034
1 0.04861111111111111 0.9020979020979021 0.09907407407407408 0.07832167832167833
0 0.5689814814814815 0.4958041958041958 0.33981481481481485 0.23356643356643356
0 0.29814814814814816 0.7678321678321678 0.17777777777777778 0.27692307692307694
0 0.6569444444444444 0.7853146853146853 0.3287037037037037 0.15804195804195803
1 0.7273148148148149 0.1972027972027972 0.1175925925925926 0.28251748251748254
0 0.8138888888888889 0.6811188811188811 0.08703703703703704 0.18181818181818182
1 0.14351851851851852 0.7601398601398601 0.12407407407407407 0.1944055944055944
