1 0.9475446428571428 0.5168350168350168 0.10044642857142856 0.2121212121212121
0 0.026785714285714284 0.29124579124579125 0.04464285714285714 0.06397306397306397
1 0.48325892857142855 0.48653198653198654 0.12276785714285714 0.3265993265993266
0 0.11160714285714285 0.5673400673400674 0.22767857142857142 0.10437710437710437
1 0.07366071428571429 0.39057239057239057 0.15178571428571427 0.14814814814814814
1 0.3292410714285714 0.35016835016835013 0.1450892857142857 0.23569023569023567
1 0.7779017857142857 0.2895622895622896 0.43973214285714285 0.5454545454545454
0 0.9118303571428571 0.7138047138047138 0.16741071428571427 0.20202020202020202
0 0.26785714285714285 0.6952861952861953 0.5401785714285714 0.4276094276094276
0 0.6383928571428571 0.6734006734006733 0.13839285714285712 0.13468013468013468
