1 0.26 0.10186915887850467 0.4 0.18504672897196262
1 0.2575 0.6009345794392523 0.045 0.06168224299065421
1 0.77625 0.05514018691588785 0.15 0.102803738317757
1 0.41375 0.31401869158878504 0.085 0.09345794392523366
1 0.5725 0.294392523364486 0.07 0.102803738317757
1 0.203125 0.46635514018691593 0.11125 0.14766355140186915
0 0.639375 0.2925233644859813 0.21125 0.5401869158878505
0 0.1 0.5869158878504673 0.0625 0.059813084112149535
0 0.403125 0.4710280373831776 0.16375 0.2355140186915888
0 0.055625 0.908411214953271 0.03875 0.10841121495327104
0 0.276875 0.7757009345794393 0.17375000000000002 0.3738317757009346
