1 0.16518353726362625 0.7882513661202186 0.12569521690767518 0.14754098360655737
1 0.7196885428253615 0.0389344262295082 0.23136818687430477 0.07513661202185792
0 0.46440489432703 0.5703551912568307 0.027808676307007785 0.028688524590163935
0 0.04338153503893215 0.4296448087431694 0.04671857619577308 0.028688524590163935
1 0.11290322580645161 0.799863387978142 0.1835372636262514 0.18442622950819673
1 0.35873192436040047 0.4023224043715847 0.10567296996662959 0.09699453551912568
0 0.3559510567296997 0.48770491803278687 0.06896551724137931 0.04371584699453552
1 0.6952169076751946 0.36543715846994534 0.12680756395995552 0.09153005464480875
1 0.24193548387096775 0.4262295081967213 0.10122358175750834 0.12021857923497267
0 0.3620689655172414 0.7411202185792349 0.034482758620689655 0.03415300546448088
0 0.6496106785317018 0.08948087431693989 0.017797552836484983 0.023224043715846996
0 0.18520578420467185 0.3941256830601093 0.027808676307007785 0.031420765027322405
0 0.7697441601779755 0.366120218579235 0.01557285873192436 0.02185792349726776
1 0.06340378197997776 0.6372950819672131 0.12458286985539488 0.12158469945355191
0 0.7458286985539488 0.09084699453551913 0.018909899888765295 0.020491803278688523
0 0.36763070077864296 0.7370218579234973 0.025583982202447165 0.023224043715846996
0 0.45550611790878753 0.8797814207650273 0.030033370411568408 0.030054644808743168
1 0.14349276974416017 0.20423497267759563 0.2803114571746385 0.23087431693989072
0 0.05228031145717464 0.555327868852459 0.017797552836484983 0.015027322404371584
0 0.16796440489432704 0.644808743169399 0.013348164627363737 0.01912568306010929
0 0.43381535038932145 0.3825136612021858 0.04004449388209121 0.030054644808743168
0 0.4582869855394883 0.5594262295081968 0.04004449388209121 0.04781420765027322
0 0.3709677419354839 0.6646174863387978 0.025583982202447165 0.04781420765027322
0 0.5684093437152391 0.09289617486338798 0.01557285873192436 0.01912568306010929
0 0.08453837597330367 0.33469945355191255 0.07119021134593993 0.09836065573770492
0 0.13848720800889877 0.4870218579234973 0.13459399332591768 0.11065573770491803
