0 0.4288888888888889 0.6075819672131147 0.25333333333333335 0.10450819672131148
0 0.36277777777777775 0.6280737704918034 0.11 0.06352459016393443
0 0.1711111111111111 0.0625 0.022222222222222223 0.04713114754098361
0 0.23555555555555555 0.12192622950819673 0.026666666666666665 0.06762295081967214
1 0.685 0.4682377049180328 0.21666666666666667 0.2069672131147541
0 0.5261111111111111 0.5481557377049181 0.027777777777777776 0.1168032786885246
0 0.6788888888888889 0.7182377049180328 0.026666666666666665 0.034836065573770496
0 0.6422222222222222 0.6926229508196722 0.11333333333333333 0.06967213114754099
0 0.44 0.3432377049180328 0.11333333333333333 0.125
0 0.2911111111111111 0.18442622950819673 0.14888888888888888 0.19672131147540983
