1 0.12125 0.4325626204238921 0.245 0.1676300578034682
1 0.48812500000000003 0.7581888246628131 0.16375 0.14065510597302505
1 0.058750000000000004 0.2524084778420039 0.1125 0.10789980732177264
1 0.655625 0.8391136801541426 0.21875 0.11753371868978806
1 0.92 0.6984585741811176 0.1525 0.1252408477842004
0 0.285625 0.894990366088632 0.16375 0.0674373795761079
0 0.139375 0.5539499036608864 0.24875 0.07514450867052024
0 0.046875 0.9470134874759152 0.08625000000000001 0.0674373795761079
0 0.614375 0.5154142581888247 0.46875 0.3140655105973025
0 0.46625 0.8564547206165704 0.1 0.06358381502890173
