0 0.21444444444444444 0.5858333333333333 0.06444444444444444 0.155
0 0.9561111111111111 0.6358333333333334 0.08555555555555555 0.23500000000000001
0 0.98 0.125 0.03777777777777778 0.17666666666666667
1 0.38555555555555554 0.9 0.18444444444444444 0.18333333333333335
1 0.525 0.38083333333333336 0.15222222222222223 0.21166666666666667
1 0.33166666666666667 0.6000000000000001 0.1411111111111111 0.2833333333333333
1 0.8572222222222222 0.5691666666666667 0.09666666666666666 0.13833333333333334
1 0.8311111111111111 0.17666666666666667 0.14 0.12333333333333334
1 0.06722222222222222 0.3816666666666667 0.13666666666666666 0.23333333333333334
0 0.6366666666666667 0.5891666666666667 0.54 0.7783333333333334
