1 0.115234375 0.4427083333333333 0.23046875 0.11458333333333333
0 0.578125 0.626736111111111 0.02734375 0.04513888888888889
1 0.71875 0.4930555555555555 0.21484375 0.1597222222222222
0 0.046875 0.7083333333333333 0.09765625 0.10416666666666666
0 0.55078125 0.5243055555555556 0.0859375 0.048611111111111105
1 0.373046875 0.673611111111111 0.0859375 0.1388888888888889
0 0.720703125 0.6614583333333333 0.1484375 0.1423611111111111
0 0.8525390625 0.5520833333333333 0.095703125 0.08333333333333333
0 0.103515625 0.35416666666666663 0.203125 0.06944444444444445
0 0.494140625 0.6510416666666666 0.12109375 0.13541666666666666
0 0.0419921875 0.859375 0.056640625 0.09375
0 0.71875 0.8888888888888888 0.3125 0.21527777777777776
