1 0.6502016129032258 0.5894245723172629 0.10483870967741934 0.2954898911353033
0 0.7268145161290323 0.8981337480559876 0.10080645161290322 0.04821150855365474
0 0.7626008064516129 0.505443234836703 0.13205645161290322 0.15863141524105753
0 0.5060483870967741 0.5808709175738724 0.10887096774193548 0.16329704510108864
1 0.48588709677419356 0.24727838258164853 0.31451612903225806 0.48833592534992226
0 0.8951612903225806 0.4440124416796267 0.14717741935483872 0.17573872472783825
1 0.766633064516129 0.27527216174183516 0.19455645161290322 0.3545878693623639
0 0.3397177419354839 0.7045101088646968 0.4637096774193548 0.3514774494556765
0 0.8311491935483871 0.43390357698289267 0.2610887096774194 0.21461897356143078
0 0.47681451612903225 0.5839813374805599 0.046370967741935484 0.13530326594090203
0 0.530241935483871 0.7573872472783826 0.03024193548387097 0.06531881804043546
