0 0.7717391304347826 0.6840062111801242 0.021739130434782608 0.017080745341614904
0 0.5736714975845411 0.40527950310559 0.026570048309178744 0.018633540372670808
0 0.2898550724637681 0.5745341614906831 0.02898550724637681 0.043478260869565216
1 0.0966183574879227 0.42857142857142855 0.178743961352657 0.47826086956521735
0 0.5809178743961353 0.8307453416149068 0.021739130434782608 0.015527950310559004
1 0.9384057971014492 0.43788819875776397 0.11835748792270531 0.4192546583850931
1 0.4915458937198067 0.09316770186335403 0.9879227053140096 0.18944099378881987
0 0.2910628019323671 0.5791925465838509 0.026570048309178744 0.021739130434782608
0 0.7741545893719807 0.7919254658385093 0.021739130434782608 0.018633540372670808
0 0.28743961352657005 0.6832298136645962 0.024154589371980676 0.024844720496894408
0 0.8526570048309179 0.9487577639751552 0.043478260869565216 0.043478260869565216
0 0.28743961352657005 0.5496894409937888 0.02898550724637681 0.037267080745341616
0 0.8466183574879227 0.7864906832298136 0.04589371980676328 0.11645962732919254
0 0.34782608695652173 0.8641304347826086 0.043478260869565216 0.02639751552795031
0 0.21980676328502413 0.6645962732919254 0.033816425120772944 0.037267080745341616
0 0.572463768115942 0.8664596273291925 0.03864734299516908 0.018633540372670808
0 0.5760869565217391 0.25931677018633537 0.05555555555555555 0.02795031055900621
0 0.34782608695652173 0.28959627329192544 0.05314009661835749 0.03571428571428571
0 0.33695652173913043 0.6847826086956521 0.026570048309178744 0.024844720496894408
0 0.21618357487922704 0.7321428571428571 0.036231884057971016 0.04192546583850931
0 0.5772946859903382 0.7593167701863354 0.03864734299516908 0.018633540372670808
0 0.15217391304347824 0.8804347826086956 0.043478260869565216 0.06211180124223602
0 0.2886473429951691 0.7569875776397516 0.026570048309178744 0.02639751552795031
0 0.5857487922705313 0.9736024844720497 0.041062801932367145 0.024844720496894408
0 0.214975845410628 0.827639751552795 0.033816425120772944 0.08695652173913043
0 0.7451690821256038 0.19720496894409936 0.18115942028985507 0.06832298136645962
0 0.7185990338164251 0.6125776397515528 0.05072463768115942 0.02639751552795031
0 0.2898550724637681 0.39518633540372666 0.033816425120772944 0.03881987577639751
0 0.34782608695652173 0.7934782608695652 0.04830917874396135 0.021739130434782608
0 0.3442028985507246 0.4666149068322981 0.06038647342995169 0.03260869565217391
