1 0.6066666666666667 0.4764644351464435 0.09666666666666668 0.0805439330543933
0 0.06416666666666668 0.9445606694560669 0.13 0.10878661087866108
1 0.7225 0.34623430962343094 0.13333333333333333 0.16736401673640167
1 0.77625 0.3493723849372385 0.15583333333333335 0.15690376569037656
1 0.36875 0.6757322175732217 0.11583333333333334 0.11924686192468618
1 0.9441666666666667 0.40794979079497906 0.10333333333333335 0.10251046025104602
1 0.52875 0.27562761506276146 0.15583333333333335 0.12656903765690375
0 0.3791666666666667 0.17939330543933052 0.060000000000000005 0.13493723849372383
0 0.9133333333333334 0.5946652719665272 0.1716666666666667 0.27928870292887026
0 0.5908333333333333 0.6673640167364017 0.36833333333333335 0.3326359832635983
0 0.4 0.37970711297071125 0.085 0.16736401673640167
