0 0.5168421052631579 0.47067238912732473 0.021052631578947368 0.08011444921316166
0 0.4789473684210526 0.6301859799713877 0.023157894736842106 0.08726752503576538
0 0.5857894736842105 0.09656652360515021 0.0663157894736842 0.055793991416309016
0 0.42105263157894735 0.37339055793991416 0.08210526315789474 0.09728183118741059
1 0.4842105263157895 0.08869814020028613 0.18736842105263157 0.17167381974248927
1 0.46736842105263154 0.1680972818311874 0.14526315789473684 0.1759656652360515
0 0.4063157894736842 0.38483547925608014 0.04631578947368421 0.07725321888412018
0 0.44105263157894736 0.5035765379113019 0.01894736842105263 0.06580829756795423
0 0.9521052631578947 0.7889842632331903 0.028421052631578948 0.032904148783977114
0 0.5336842105263158 0.2982832618025751 0.0863157894736842 0.09585121602288985
0 0.6057894736842105 0.4470672389127325 0.028421052631578948 0.08726752503576538
0 0.5610526315789474 0.2811158798283262 0.1431578947368421 0.1301859799713877
