1 0.4809090909090909 0.06154628687690743 0.8709090909090909 0.12309257375381485
1 0.6681818181818182 0.3214649033570702 0.32545454545454544 0.2461851475076297
1 0.13636363636363635 0.17599186164801628 0.21454545454545454 0.21973550356052898
0 0.6236363636363637 0.556968463886063 0.05090909090909091 0.04781281790437436
0 0.39181818181818184 0.8107833163784334 0.038181818181818185 0.014242115971515767
0 0.6645454545454546 0.46185147507629704 0.2672727272727273 0.03662258392675483
0 0.38272727272727275 0.5620549338758901 0.045454545454545456 0.04984740590030519
0 0.15272727272727274 0.5559511698880977 0.04727272727272727 0.04781281790437436
0 0.35363636363636364 0.18819938962360122 0.25272727272727274 0.20142421159715157
0 0.730909090909091 0.6398779247202442 0.05454545454545454 0.052899287894201424
0 0.73 0.5600203458799593 0.05272727272727273 0.05188199389623601
0 0.1509090909090909 0.6444557477110885 0.04 0.05188199389623601
0 0.6227272727272727 0.638351983723296 0.05272727272727273 0.04984740590030519
0 0.14363636363636365 0.901322482197355 0.05454545454545454 0.044760935910478125
0 0.5063636363636363 0.6403865717192269 0.05272727272727273 0.04984740590030519
0 0.3836363636363636 0.6444557477110885 0.05090909090909091 0.05595116988809766
0 0.26454545454545453 0.6439471007121058 0.04909090909090909 0.05696846388606307
0 0.51 0.7273652085452695 0.06 0.05696846388606307
0 0.26545454545454544 0.5600203458799593 0.04727272727272727 0.04984740590030519
