0 0.6295369211514393 0.6257088846880907 0.49812265331664585 0.5255198487712666
1 0.20963704630788485 0.17580340264650285 0.2615769712140175 0.21928166351606806
0 0.246558197747184 0.8109640831758034 0.2928660826032541 0.3667296786389414
0 0.1439299123904881 0.947069943289225 0.12015018773466835 0.10207939508506617
1 0.18335419274092615 0.501890359168242 0.20150187734668337 0.13799621928166353
0 0.8166458072590739 0.6824196597353497 0.08385481852315395 0.17391304347826086
0 0.5750938673341677 0.4943289224952741 0.34668335419274093 0.23629489603024575
0 0.7384230287859825 0.3724007561436673 0.24530663329161453 0.07561436672967864
1 0.7240300375469337 0.19092627599243858 0.12891113892365458 0.2948960302457467
0 0.6564455569461828 0.7835538752362949 0.32916145181476847 0.15689981096408318
1 0.04881101376720901 0.8998109640831758 0.10012515644555695 0.0831758034026465
0 0.30100125156445556 0.7665406427221172 0.1739674593241552 0.277882797731569
1 0.14330413016270338 0.7589792060491494 0.11639549436795996 0.1833648393194707
