0 0.296368989205103 0.7411467116357504 0.017664376840039252 0.021922428330522763
0 0.5814524043179587 0.7259696458684654 0.2757605495583906 0.0893760539629005
0 0.15456329735034346 0.7200674536256323 0.0225711481844946 0.043844856661045525
0 0.8282630029440627 0.6888701517706577 0.16879293424926398 0.09612141652613827
0 0.7801766437684003 0.699831365935919 0.05103042198233562 0.06408094435075885
0 0.12168792934249263 0.6812816188870151 0.09813542688910697 0.14165261382799324
1 0.5279685966633955 0.4013490725126475 0.647693817468106 0.4586846543001686
0 0.663395485770363 0.7242833052276559 0.10598626104023552 0.08600337268128161
0 0.10058881256133463 0.6661045531197302 0.05201177625122669 0.11804384485666104
0 0.5201177625122669 0.7284991568296796 0.15701668302257113 0.06070826306913996
0 0.2198233562315996 0.6795952782462057 0.05888125613346418 0.0775716694772344
0 0.36751717369970555 0.7310286677908937 0.05986261040235524 0.07588532883642496
