1 0.242 0.7605177993527509 0.14 0.3883495145631068
0 0.551 0.3527508090614887 0.054 0.12297734627831716
0 0.607 0.31715210355987056 0.03 0.05825242718446602
1 0.871 0.3899676375404531 0.25 0.6957928802588997
0 0.293 0.7669902912621359 0.03 0.06472491909385114
1 0.907 0.8365695792880259 0.182 0.3009708737864078
0 0.712 0.2766990291262136 0.052000000000000005 0.15857605177993528
0 0.607 0.49838187702265374 0.026000000000000002 0.05825242718446602
0 0.431 0.8220064724919094 0.03 0.05177993527508091
1 0.459 0.42071197411003236 0.13 0.23300970873786409
0 0.613 0.9158576051779935 0.03 0.05825242718446602
0 0.726 0.5129449838187703 0.07200000000000001 0.1779935275080906
0 0.754 0.8381877022653722 0.096 0.1941747572815534
0 0.548 0.05663430420711974 0.064 0.10679611650485438
