0 0.630625 0.2111111111111111 0.01625 0.026666666666666665
0 0.569375 0.17777777777777778 0.01875 0.035555555555555556
0 0.658125 0.20666666666666667 0.01875 0.03111111111111111
1 0.5387500000000001 0.5411111111111111 0.08750000000000001 0.5177777777777778
0 0.5700000000000001 0.49333333333333335 0.0175 0.035555555555555556
0 0.5493750000000001 0.7855555555555556 0.01375 0.03333333333333333
0 0.560625 0.17 0.03375 0.04666666666666667
0 0.5700000000000001 0.29555555555555557 0.015 0.03111111111111111
1 0.709375 0.19444444444444445 0.08125 0.38
0 0.6175 0.09222222222222222 0.035 0.042222222222222223
0 0.646875 0.43666666666666665 0.04125 0.07777777777777778
0 0.721875 0.5444444444444444 0.058750000000000004 0.29333333333333333
