0 0.27001953125 0.2752562225475842 0.0361328125 0.043923865300146414
0 0.45263671875 0.43923865300146414 0.0537109375 0.03806734992679356
1 0.8798828125 0.24963396778916547 0.1953125 0.15080527086383602
1 0.82958984375 0.2745241581259151 0.1591796875 0.11859443631039532
1 0.4658203125 0.3404099560761347 0.12890625 0.13030746705710103
0 0.46630859375 0.438506588579795 0.0888671875 0.05710102489019034
1 0.65869140625 0.30307467057101023 0.1533203125 0.2342606149341142
0 0.32763671875 0.3814055636896047 0.0322265625 0.08345534407027819
0 0.73681640625 0.4575402635431918 0.5244140625 0.32942898975109813
0 0.41015625 0.636896046852123 0.044921875 0.12884333821376281
0 0.27392578125 0.6310395314787701 0.0966796875 0.13469985358711567
0 0.17626953125 0.5512445095168375 0.0634765625 0.13616398243045388
