0 0.587890625 0.5026041666666666 0.0703125 0.028645833333333332
0 0.134765625 0.521484375 0.04296875 0.03515625
1 0.576171875 0.11393229166666666 0.658203125 0.22526041666666666
1 0.0341796875 0.16861979166666666 0.068359375 0.13151041666666666
1 0.18408203125 0.07682291666666666 0.1572265625 0.1171875
0 0.875 0.5533854166666666 0.052734375 0.049479166666666664
0 0.849609375 0.3958333333333333 0.076171875 0.0625
1 0.3251953125 0.42578125 0.2578125 0.13020833333333331
0 0.9609375 0.40234375 0.068359375 0.0546875
0 0.310546875 0.5169270833333333 0.197265625 0.057291666666666664
0 0.68017578125 0.54296875 0.0634765625 0.05208333333333333
