0 0.41484375 0.3192488262910798 0.1859375 0.27230046948356806
1 0.49921875000000004 0.23708920187793428 0.1546875 0.19248826291079812
1 0.6421875 0.3051643192488263 0.19375 0.18309859154929578
1 0.26406250000000003 0.25 0.12812500000000002 0.14788732394366197
1 0.284375 0.08098591549295775 0.140625 0.1619718309859155
0 0.2703125 0.38615023474178406 0.07187500000000001 0.11971830985915494
0 0.2 0.49178403755868544 0.040625 0.04460093896713615
1 0.12734375 0.39906103286384975 0.08281250000000001 0.2112676056338028
0 0.5671875000000001 0.4014084507042254 0.0625 0.13145539906103287
0 0.29375 0.6748826291079812 0.040625 0.04929577464788733
