1 0.273 0.8044692737430168 0.106 0.15083798882681565
0 0.47100000000000003 0.35195530726256985 0.066 0.1229050279329609
1 0.10200000000000001 0.7988826815642458 0.156 0.2905027932960894
0 0.379 0.048882681564245814 0.014 0.025139664804469275
1 0.864 0.5083798882681564 0.268 0.36312849162011174
0 0.711 0.6801675977653632 0.13 0.5391061452513967
0 0.545 0.5796089385474861 0.014 0.019553072625698324
0 0.659 0.23324022346368717 0.046 0.06424581005586592
0 0.661 0.28910614525139666 0.058 0.19832402234636873
1 0.8260000000000001 0.20530726256983242 0.3 0.388268156424581
0 0.20500000000000002 0.4134078212290503 0.03 0.0558659217877095
0 0.539 0.31843575418994413 0.026000000000000002 0.0558659217877095
1 0.366 0.4259776536312849 0.168 0.24301675977653633
0 0.545 0.9245810055865922 0.026000000000000002 0.0558659217877095
1 0.888 0.8379888268156425 0.22 0.30726256983240224
0 0.17 0.7793296089385475 0.032 0.07262569832402235
0 0.541 0.5027932960893855 0.026000000000000002 0.0446927374301676
0 0.714 0.8491620111731844 0.10400000000000001 0.19553072625698326
0 0.333 0.8337988826815643 0.034 0.05307262569832402
0 0.681 0.5153631284916201 0.08600000000000001 0.17039106145251398
0 0.46900000000000003 0.054469273743016765 0.074 0.10335195530726257
