1 0.17909090909090908 0.25682382133995035 0.35454545454545455 0.43424317617866004
1 0.6363636363636364 0.13523573200992556 0.38545454545454544 0.26054590570719605
0 0.06909090909090909 0.7258064516129032 0.14181818181818182 0.0967741935483871
0 0.4163636363636364 0.7369727047146402 0.07636363636363637 0.12903225806451613
0 0.2290909090909091 0.7543424317617866 0.02909090909090909 0.04466501240694789
1 0.6172727272727273 0.37220843672456577 0.3327272727272727 0.41687344913151364
1 0.6127272727272727 0.5632754342431762 0.2109090909090909 0.20843672456575682
0 0.023636363636363636 0.6873449131513648 0.02909090909090909 0.02977667493796526
0 0.30818181818181817 0.7568238213399504 0.07090909090909091 0.06451612903225806
0 0.39454545454545453 0.3945409429280397 0.11636363636363636 0.31265508684863524
