0 0.5554371002132196 0.8706395348837209 0.031982942430703626 0.0436046511627907
0 0.291044776119403 0.1875 0.031982942430703626 0.04941860465116279
0 0.24946695095948826 0.7805232558139534 0.017057569296375266 0.0377906976744186
1 0.4051172707889126 0.0625 0.3582089552238806 0.1308139534883721
0 0.43283582089552236 0.7790697674418604 0.038379530916844345 0.040697674418604654
0 0.27611940298507465 0.6918604651162791 0.06609808102345416 0.03488372093023256
0 0.4189765458422175 0.125 0.027718550106609806 0.03488372093023256
1 0.8113006396588486 0.19912790697674418 0.3731343283582089 0.40406976744186046
0 0.2526652452025586 0.5552325581395349 0.023454157782515993 0.03488372093023256
0 0.5127931769722814 0.748546511627907 0.053304904051172705 0.03197674418604651
0 0.4147121535181237 0.9302325581395349 0.023454157782515993 0.03488372093023256
0 0.5575692963752665 0.31976744186046513 0.06609808102345416 0.10465116279069767
0 0.6140724946695095 0.809593023255814 0.042643923240938165 0.06686046511627906
0 0.2931769722814499 0.9200581395348837 0.06183368869936034 0.061046511627906974
0 0.2899786780383795 0.4055232558139535 0.046908315565031986 0.055232558139534885
