1 0.3714754098360656 0.507278020378457 0.14885245901639343 0.18777292576419216
1 0.8685245901639345 0.6222707423580787 0.0740983606557377 0.19941775836972345
1 0.7780327868852459 0.15938864628820962 0.1318032786885246 0.32168850072780203
0 0.2259016393442623 0.6295487627365357 0.01639344262295082 0.033478893740902474
1 0.6678688524590164 0.3282387190684134 0.07934426229508197 0.19650655021834063
1 0.7826229508196721 0.45778748180494905 0.1436065573770492 0.1935953420669578
1 0.37573770491803277 0.2816593886462882 0.17573770491803278 0.5487627365356623
1 0.24688524590163935 0.5414847161572053 0.09508196721311475 0.18340611353711792
1 0.5514754098360656 0.3922852983988355 0.10885245901639344 0.3013100436681223
0 0.45672131147540984 0.5793304221251819 0.299672131147541 0.24454148471615722
0 0.759016393442623 0.636098981077147 0.1318032786885246 0.16885007278020378
