1 0.44846153846153847 0.5814285714285714 0.09692307692307692 0.23714285714285716
1 0.24 0.4042857142857143 0.24 0.3
1 0.7361538461538462 0.40285714285714286 0.11538461538461539 0.24571428571428572
1 0.32769230769230767 0.10428571428571429 0.4276923076923077 0.21428571428571427
1 0.7292307692307692 0.6028571428571429 0.07692307692307693 0.35428571428571426
0 0.20307692307692307 0.6957142857142857 0.01846153846153846 0.037142857142857144
1 0.833076923076923 0.14857142857142858 0.32769230769230767 0.3028571428571429
1 0.7346153846153847 0.7057142857142857 0.05076923076923077 0.19428571428571428
1 0.4776923076923077 0.12428571428571429 0.12461538461538461 0.2542857142857143
1 0.45615384615384613 0.40714285714285714 0.1123076923076923 0.3
0 0.16 0.71 0.033846153846153845 0.09428571428571429
0 0.28692307692307695 0.69 0.08153846153846153 0.15142857142857144
