1 0.23995771670190275 0.22937062937062938 0.23890063424947147 0.15664335664335666
0 0.39429175475687106 0.8433566433566434 0.04439746300211417 0.019580419580419582
1 0.14693446088794926 0.11398601398601399 0.23890063424947147 0.23076923076923078
1 0.6913319238900635 0.17132867132867133 0.4101479915433404 0.33146853146853145
0 0.28118393234672306 0.4 0.3890063424947146 0.13986013986013987
0 0.6670190274841438 0.43566433566433566 0.26004228329809725 0.04895104895104895
0 0.15961945031712474 0.5461538461538461 0.04439746300211417 0.05174825174825175
0 0.3594080338266385 0.11748251748251748 0.24101479915433405 0.22937062937062938
0 0.386892177589852 0.5524475524475524 0.046511627906976744 0.055944055944055944
0 0.27272727272727276 0.5503496503496503 0.046511627906976744 0.06013986013986014
0 0.14587737843551798 0.9482517482517483 0.046511627906976744 0.055944055944055944
0 0.16067653276955604 0.6489510489510489 0.042283298097251586 0.06153846153846154
0 0.7325581395348838 0.6433566433566433 0.05708245243128964 0.06153846153846154
0 0.3890063424947146 0.6496503496503496 0.05073995771670191 0.06573426573426573
0 0.2674418604651163 0.6503496503496503 0.052854122621564484 0.06713286713286713
0 0.6226215644820297 0.5475524475524476 0.05708245243128964 0.06013986013986014
0 0.6215644820295984 0.641958041958042 0.059196617336152224 0.06153846153846154
0 0.507399577167019 0.6426573426573426 0.059196617336152224 0.06573426573426573
0 0.7315010570824525 0.5496503496503496 0.06342494714587738 0.06713286713286713
0 0.5116279069767442 0.7468531468531469 0.06765327695560254 0.06993006993006994
