1 0.28208333333333335 0.5213299874529486 0.05416666666666667 0.1041405269761606
1 0.43041666666666667 0.37892095357590966 0.1325 0.1907151819322459
1 0.6720833333333334 0.5232120451693851 0.11583333333333334 0.24341279799247176
1 0.37125 0.3808030112923463 0.10083333333333334 0.2070263488080301
1 0.5804166666666667 0.5489335006273526 0.12250000000000001 0.191969887076537
1 0.62 0.535759096612296 0.11166666666666668 0.24341279799247176
1 0.47708333333333336 0.3720200752823086 0.11750000000000001 0.15432873274780426
1 0.5279166666666667 0.5426599749058971 0.10416666666666667 0.13927227101631115
1 0.24791666666666667 0.2302383939774153 0.13416666666666668 0.17942283563362607
1 0.7766666666666667 0.5426599749058971 0.14833333333333334 0.21455457967377664
1 0.24500000000000002 0.7020075282308657 0.06333333333333334 0.13927227101631115
