1 0.05224609375 0.09164222873900293 0.0478515625 0.0718475073313783
1 0.92333984375 0.09017595307917889 0.1494140625 0.1598240469208211
1 0.05810546875 0.532258064516129 0.1162109375 0.21700879765395895
1 0.9560546875 0.3321114369501466 0.0859375 0.2859237536656892
1 0.62744140625 0.1532258064516129 0.2392578125 0.27712609970674484
1 0.58154296875 0.6847507331378299 0.2509765625 0.1935483870967742
1 0.41259765625 0.07331378299120235 0.1669921875 0.1378299120234604
1 0.35546875 0.3159824046920821 0.080078125 0.1187683284457478
0 0.85205078125 0.3035190615835777 0.1162109375 0.25513196480938416
0 0.33837890625 0.4655425219941349 0.3056640625 0.6612903225806451
