1 0.6181818181818182 0.24734042553191488 0.11818181818181818 0.48404255319148937
1 0.42272727272727273 0.22606382978723405 0.44090909090909086 0.4627659574468085
1 0.9488636363636364 0.7021276595744681 0.09772727272727272 0.20212765957446807
1 0.7659090909090909 0.28191489361702127 0.11818181818181818 0.5531914893617021
1 0.9193181818181818 0.35904255319148937 0.1568181818181818 0.5372340425531915
1 0.9295454545454545 0.09840425531914894 0.1318181818181818 0.19680851063829788
0 0.75 0.7446808510638298 0.05909090909090909 0.1276595744680851
1 0.2125 0.35904255319148937 0.12045454545454545 0.7287234042553191
0 0.6306818181818181 0.7420212765957447 0.09772727272727272 0.28191489361702127
0 0.4261363636363636 0.6542553191489362 0.17045454545454544 0.425531914893617
