0 0.58 0.7831125827814569 0.032 0.04966887417218543
0 0.39 0.48841059602649006 0.016 0.04966887417218543
1 0.784 0.43874172185430466 0.428 0.27483443708609273
0 0.533 0.9271523178807947 0.026000000000000002 0.10596026490066225
1 0.633 0.7334437086092715 0.154 0.22185430463576158
1 0.184 0.24503311258278146 0.092 0.3708609271523179
0 0.5680000000000001 0.9387417218543046 0.08 0.08940397350993377
1 0.603 0.847682119205298 0.158 0.1986754966887417
1 0.313 0.12582781456953643 0.338 0.24503311258278146
0 0.588 0.9437086092715232 0.032 0.07947019867549669
0 0.11800000000000001 0.26986754966887416 0.036000000000000004 0.3079470198675497
1 0.8140000000000001 0.16556291390728478 0.368 0.33112582781456956
0 0.265 0.36258278145695366 0.13 0.38741721854304634
