0 0.6290909090909091 0.035108958837772396 0.01818181818181818 0.031476997578692496
0 0.2972727272727273 0.3196125907990315 0.012727272727272728 0.029055690072639227
0 0.5854545454545454 0.026634382566585957 0.01818181818181818 0.01937046004842615
0 0.5972727272727273 0.16949152542372883 0.03090909090909091 0.08232445520581114
0 0.5954545454545455 0.14648910411622276 0.03090909090909091 0.036319612590799036
1 0.35818181818181816 0.6162227602905569 0.1890909090909091 0.16707021791767554
0 0.3009090909090909 0.43825665859564167 0.03090909090909091 0.10653753026634383
0 0.3709090909090909 0.33898305084745767 0.04727272727272727 0.053268765133171914
0 0.19727272727272727 0.5072639225181599 0.038181818181818185 0.09927360774818403
0 0.10909090909090909 0.5302663438256658 0.05818181818181818 0.053268765133171914
