1 0.5243055555555556 0.07933194154488517 0.09027777777777778 0.10438413361169101
1 0.7229166666666667 0.16805845511482254 0.06805555555555556 0.07724425887265135
0 0.22430555555555556 0.8194154488517744 0.09583333333333334 0.08141962421711899
0 0.46597222222222223 0.5114822546972859 0.10972222222222222 0.12526096033402923
1 0.5180555555555556 0.18267223382045927 0.07222222222222223 0.08141962421711899
1 0.33333333333333337 0.5052192066805845 0.10555555555555556 0.14196242171189977
0 0.6763888888888889 0.09603340292275574 0.030555555555555558 0.04175365344467641
0 0.40625 0.5887265135699373 0.16527777777777777 0.2463465553235908
1 0.4590277777777778 0.30375782881002084 0.0625 0.1231732776617954
0 0.5215277777777778 0.3778705636743215 0.09861111111111112 0.13778705636743213
