1 0.45375000000000004 0.5561926605504588 0.052500000000000005 0.2821100917431193
1 0.48833333333333334 0.5768348623853211 0.05666666666666667 0.2591743119266055
1 0.2554166666666667 0.551605504587156 0.04916666666666667 0.3004587155963303
1 0.58625 0.5401376146788991 0.0625 0.33256880733944955
1 0.6166666666666667 0.5194954128440368 0.085 0.37844036697247707
1 0.9645833333333333 0.5344036697247707 0.06916666666666667 0.3302752293577982
1 0.38333333333333336 0.5263761467889908 0.060000000000000005 0.3371559633027523
1 0.6900000000000001 0.481651376146789 0.08166666666666667 0.4357798165137615
1 0.35583333333333333 0.5286697247706422 0.06666666666666667 0.3371559633027523
1 0.2841666666666667 0.5401376146788991 0.058333333333333334 0.3096330275229358
1 0.4291666666666667 0.5470183486238532 0.05166666666666667 0.2912844036697248
1 0.8712500000000001 0.518348623853211 0.08750000000000001 0.3669724770642202
1 0.8308333333333334 0.5091743119266056 0.08166666666666667 0.3761467889908257
1 0.9304166666666668 0.5263761467889908 0.09416666666666668 0.34633027522935783
1 0.7725000000000001 0.4954128440366973 0.08333333333333334 0.3761467889908257
1 0.7195833333333334 0.48509174311926606 0.0775 0.41055045871559637
1 0.33125000000000004 0.5355504587155964 0.0625 0.3279816513761468
1 0.17833333333333334 0.6204128440366973 0.07500000000000001 0.15825688073394495
