0 0.7227272727272727 0.2777777777777778 0.045454545454545456 0.032679738562091505
1 0.12045454545454545 0.21323529411764708 0.20454545454545453 0.12581699346405228
0 0.2318181818181818 0.8553921568627452 0.05909090909090909 0.04738562091503268
1 0.7704545454545454 0.3178104575163399 0.049999999999999996 0.04738562091503268
1 0.35227272727272724 0.20915032679738563 0.22272727272727272 0.15359477124183007
1 0.9022727272727272 0.5751633986928105 0.14545454545454545 0.11111111111111112
0 0.40909090909090906 0.2647058823529412 0.049999999999999996 0.029411764705882353
0 0.5238636363636363 0.22630718954248366 0.19318181818181818 0.16830065359477125
1 0.26477272727272727 0.6217320261437909 0.48409090909090907 0.2238562091503268
1 0.7943181818181818 0.19035947712418302 0.3386363636363636 0.1454248366013072
0 0.7465909090909091 0.678921568627451 0.4886363636363636 0.3480392156862745
