1 0.9304166666666668 0.21957340025094102 0.13583333333333333 0.34880803011292344
1 0.62375 0.2565872020075282 0.1275 0.28732747804265996
1 0.42208333333333337 0.32434127979924715 0.10083333333333334 0.2346298619824341
1 0.8662500000000001 0.6687578419071518 0.10750000000000001 0.1480552070263488
1 0.5204166666666667 0.29422835633626093 0.13083333333333333 0.2547051442910916
1 0.3866666666666667 0.3431618569636135 0.10500000000000001 0.21455457967377664
1 0.7358333333333333 0.7691342534504391 0.08 0.12547051442910914
1 0.24000000000000002 0.418444165621079 0.09833333333333334 0.15181932245922208
1 0.7662500000000001 0.7377666248431618 0.09583333333333334 0.12797992471769135
1 0.7925000000000001 0.7164366373902132 0.09000000000000001 0.15307402760351316
1 0.5729166666666667 0.2779171894604768 0.11416666666666668 0.25721455457967374
1 0.27958333333333335 0.3989962358845671 0.12083333333333333 0.178168130489335
1 0.8233333333333334 0.6988707653701379 0.11 0.1480552070263488
1 0.9395833333333334 0.6292346298619824 0.11083333333333334 0.1618569636135508
1 0.3254166666666667 0.37327478042659973 0.10916666666666668 0.2095357590966123
1 0.7220833333333334 0.2277289836888331 0.14083333333333334 0.3099121706398996
1 0.4666666666666667 0.3074027603513174 0.11333333333333334 0.24090338770388958
