1 0.319 0.3813813813813814 0.10200000000000001 0.25825825825825827
1 0.425 0.3078078078078078 0.226 0.3153153153153153
0 0.385 0.5720720720720721 0.046 0.057057057057057055
1 0.778 0.24774774774774774 0.44 0.4954954954954955
0 0.388 0.47297297297297297 0.024 0.03303303303303303
0 0.334 0.5675675675675675 0.024 0.05405405405405406
0 0.274 0.5690690690690691 0.06 0.0990990990990991
0 0.467 0.4924924924924925 0.034 0.06006006006006006
0 0.927 0.6066066066066066 0.14200000000000002 0.15015015015015015
0 0.184 0.542042042042042 0.128 0.15915915915915915
