1 0.058333333333333334 0.8459119496855345 0.11333333333333334 0.12452830188679245
0 0.5854166666666667 0.6264150943396226 0.08083333333333334 0.045283018867924525
1 0.21958333333333335 0.12641509433962264 0.27416666666666667 0.24528301886792453
1 0.15666666666666668 0.5408805031446541 0.2316666666666667 0.15849056603773584
0 0.9429166666666667 0.7867924528301886 0.03416666666666667 0.061635220125786164
0 0.10791666666666667 0.790566037735849 0.025833333333333337 0.05157232704402515
0 0.6741666666666667 0.7339622641509433 0.035 0.09685534591194968
1 0.8387500000000001 0.5415094339622641 0.3091666666666667 0.2150943396226415
0 0.8712500000000001 0.8591194968553458 0.037500000000000006 0.06792452830188679
0 0.48333333333333334 0.9754716981132076 0.04 0.04150943396226415
