1 0.42789473684210527 0.6200631911532385 0.06421052631578947 0.08056872037914692
0 0.31789473684210523 0.646129541864139 0.021052631578947368 0.02843601895734597
1 0.7194736842105263 0.3957345971563981 0.19052631578947368 0.3428120063191153
1 0.18842105263157893 0.6161137440758294 0.05473684210526315 0.07266982622432859
1 0.6489473684210526 0.641390205371248 0.07263157894736842 0.06003159557661927
1 0.52 0.5679304897314376 0.08 0.07109004739336493
1 0.15421052631578946 0.296998420221169 0.31052631578947365 0.4834123222748815
1 0.5442105263157895 0.5805687203791469 0.07789473684210527 0.07740916271721959
1 0.2657894736842105 0.5995260663507109 0.08105263157894736 0.08688783570300158
1 0.8826315789473684 0.4036334913112164 0.22 0.38704581358609796
0 0.8973684210526316 0.6627172195892574 0.03684210526315789 0.020537124802527645
1 0.03736842105263158 0.5766192733017378 0.07263157894736842 0.12006319115323855
0 0.8084210526315789 0.6595576619273301 0.02526315789473684 0.023696682464454975
0 0.5815789473684211 0.6571879936808847 0.015789473684210527 0.02527646129541864
1 0.7052631578947368 0.6358609794628752 0.05473684210526315 0.07109004739336493
1 0.3873684210526316 0.6129541864139021 0.061052631578947365 0.08530805687203791
0 0.7973684210526316 0.8546603475513428 0.03263157894736842 0.04107424960505529
1 0.6178947368421053 0.6327014218009479 0.05894736842105263 0.07424960505529225
1 0.5647368421052631 0.5971563981042654 0.05157894736842105 0.07266982622432859
1 0.13526315789473684 0.5947867298578199 0.05789473684210526 0.11216429699842022
1 0.7305263157894737 0.6295418641390206 0.08842105263157894 0.08688783570300158
