1 0.46867167919799496 0.9604166666666667 0.07518796992481203 0.0625
1 0.47117794486215536 0.9216666666666667 0.10526315789473684 0.12166666666666667
1 0.5137844611528821 0.32875000000000004 0.3182957393483709 0.14750000000000002
1 0.518796992481203 0.23125 0.3258145363408521 0.15083333333333335
1 0.47180451127819545 0.8750000000000001 0.12406015037593984 0.12833333333333335
1 0.47368421052631576 0.8225 0.14536340852130325 0.12333333333333334
1 0.474937343358396 0.78 0.16791979949874686 0.12666666666666668
1 0.4849624060150376 0.5808333333333334 0.24060150375939848 0.12666666666666668
1 0.474937343358396 0.7195833333333334 0.18796992481203006 0.14083333333333334
1 0.5482456140350876 0.07 0.38471177944862156 0.13833333333333334
1 0.4849624060150376 0.47875 0.2556390977443609 0.14083333333333334
