0 0.2773684210526316 0.5906200317965025 0.013684210526315788 0.020667726550079493
1 0.035263157894736843 0.5437201907790143 0.07263157894736842 0.09538950715421304
0 0.6973684210526315 0.5834658187599364 0.02 0.031796502384737683
1 0.46789473684210525 0.5 0.07473684210526316 0.0906200317965024
1 0.671578947368421 0.14069952305246425 0.6526315789473685 0.2591414944356121
0 0.5157894736842105 0.582670906200318 0.014736842105263158 0.02702702702702703
0 0.6978947368421052 0.6613672496025438 0.02526315789473684 0.025437201907790145
0 0.39052631578947367 0.7424483306836248 0.03368421052631579 0.03497615262321145
0 0.69 0.7106518282988872 0.030526315789473683 0.031796502384737683
0 0.6405263157894737 0.7074721780604134 0.015789473684210527 0.031796502384737683
0 0.6321052631578947 0.5715421303656598 0.017894736842105262 0.02702702702702703
0 0.5747368421052631 0.7400635930047695 0.027368421052631577 0.033386327503974564
