1 0.043750000000000004 0.47885572139303484 0.08916666666666667 0.19402985074626866
1 0.7966666666666667 0.6274875621890547 0.08 0.08830845771144279
1 0.8400000000000001 0.695273631840796 0.07 0.06965174129353234
1 0.07250000000000001 0.5230099502487562 0.13 0.1853233830845771
1 0.4529166666666667 0.7083333333333334 0.10416666666666667 0.10820895522388059
1 0.46458333333333335 0.2866915422885572 0.2758333333333334 0.21019900497512436
1 0.32375000000000004 0.6175373134328358 0.11083333333333334 0.13557213930348258
1 0.8195833333333334 0.6529850746268656 0.07083333333333333 0.10696517412935323
1 0.4133333333333334 0.693407960199005 0.13333333333333333 0.11318407960199005
1 0.16958333333333334 0.5503731343283582 0.17083333333333334 0.2126865671641791
1 0.68125 0.5130597014925373 0.12083333333333333 0.08830845771144279
1 0.5925 0.43656716417910446 0.15666666666666668 0.14427860696517414
1 0.7579166666666667 0.5914179104477612 0.08416666666666667 0.09577114427860696
1 0.5333333333333333 0.7730099502487562 0.05666666666666667 0.07587064676616916
