1 0.7426966292134832 0.7581967213114754 0.14157303370786517 0.4754098360655738
0 0.41460674157303373 0.9344262295081968 0.02471910112359551 0.04098360655737705
1 0.08202247191011236 0.3155737704918033 0.16853932584269665 0.27868852459016397
0 0.3617977528089888 0.5901639344262295 0.035955056179775284 0.05737704918032787
1 0.41348314606741576 0.21311475409836067 0.22022471910112362 0.2213114754098361
1 0.10561797752808989 0.7766393442622951 0.1707865168539326 0.3975409836065574
0 0.5741573033707865 0.584016393442623 0.038202247191011236 0.05327868852459017
0 0.42022471910112363 0.6086065573770492 0.035955056179775284 0.06147540983606558
0 0.5775280898876405 0.15368852459016394 0.04494382022471911 0.06967213114754099
0 0.34494382022471914 0.0389344262295082 0.08314606741573034 0.0860655737704918
0 0.38988764044943824 0.375 0.12359550561797754 0.10245901639344263
