1 0.5145833333333334 0.37625000000000003 0.052500000000000005 0.0825
1 0.65625 0.32 0.037500000000000006 0.065
1 0.7220833333333334 0.631875 0.052500000000000005 0.11625
1 0.5579166666666667 0.75125 0.04416666666666667 0.0625
0 0.33375000000000005 0.659375 0.03416666666666667 0.04125
1 0.08458333333333334 0.484375 0.08583333333333334 0.08375
1 0.6675000000000001 0.305625 0.04 0.06875
0 0.5083333333333334 0.860625 0.018333333333333333 0.02625
0 0.5608333333333334 0.844375 0.04166666666666667 0.05375
1 0.26458333333333334 0.70125 0.05583333333333334 0.09
0 0.13958333333333334 0.636875 0.052500000000000005 0.10625
