1 0.3229166666666667 0.19074074074074074 0.07083333333333333 0.0925925925925926
1 0.36692708333333335 0.2476851851851852 0.0546875 0.09722222222222222
1 0.48125 0.5300925925925926 0.075 0.125
1 0.5302083333333333 0.2712962962962963 0.06145833333333333 0.14814814814814814
1 0.6020833333333333 0.49212962962962964 0.06145833333333333 0.13425925925925927
1 0.38984375 0.2916666666666667 0.07864583333333333 0.1277777777777778
1 0.47604166666666664 0.06759259259259259 0.05520833333333333 0.10370370370370371
1 0.64765625 0.6462962962962964 0.05572916666666666 0.11481481481481481
1 0.4109375 0.34120370370370373 0.06875 0.1287037037037037
1 0.46432291666666664 0.48564814814814816 0.0859375 0.16574074074074074
