1 0.9304166666666668 0.22020075282308657 0.13583333333333333 0.35006273525721454
1 0.62375 0.2565872020075282 0.1275 0.28732747804265996
1 0.8662500000000001 0.6700125470514429 0.10750000000000001 0.1455457967377666
1 0.52 0.2936010037641154 0.13 0.2559598494353827
1 0.3875 0.3431618569636135 0.10500000000000001 0.21455457967377664
1 0.7358333333333333 0.7691342534504391 0.08 0.12547051442910914
1 0.2404166666666667 0.4171894604767879 0.0975 0.15181932245922208
1 0.7666666666666667 0.7390213299874528 0.09666666666666668 0.12547051442910914
1 0.5720833333333334 0.2772898368883312 0.11416666666666668 0.25846925972396484
1 0.27958333333333335 0.3989962358845671 0.11916666666666667 0.178168130489335
1 0.8225 0.6994981179422836 0.11 0.1468005018820577
1 0.9395833333333334 0.6298619824341279 0.11083333333333334 0.1631116687578419
1 0.32583333333333336 0.3720200752823086 0.10833333333333334 0.2095357590966123
1 0.7212500000000001 0.22710163111668757 0.14083333333333334 0.3086574654956085
1 0.43625 0.3199498117942283 0.1125 0.23086574654956082
