1 0.13875 0.4922279792746114 0.14416666666666667 0.14248704663212436
1 0.8679166666666667 0.3639896373056995 0.21250000000000002 0.20207253886010362
1 0.7212500000000001 0.658678756476684 0.08916666666666667 0.09715025906735751
1 0.5545833333333333 0.5718911917098446 0.19083333333333335 0.17746113989637308
1 0.5716666666666667 0.3477979274611399 0.2733333333333334 0.25259067357512954
0 0.15541666666666668 0.8095854922279793 0.2525 0.05958549222797928
1 0.3325 0.44430051813471505 0.16 0.16321243523316062
1 0.17875000000000002 0.11593264248704664 0.1391666666666667 0.2266839378238342
1 0.9141666666666667 0.16515544041450778 0.17 0.21373056994818654
0 0.4341666666666667 0.7998704663212436 0.1366666666666667 0.03756476683937824
1 0.7383333333333334 0.18069948186528498 0.10833333333333334 0.14378238341968913
