1 0.8954166666666667 0.5342639593908629 0.05916666666666667 0.04568527918781726
1 0.2629166666666667 0.1611675126903553 0.09250000000000001 0.10152284263959391
1 0.8750000000000001 0.7214467005076142 0.095 0.09517766497461928
1 0.07041666666666667 0.6954314720812182 0.13416666666666668 0.17005076142131978
1 0.22916666666666669 0.23350253807106597 0.18666666666666668 0.1751269035532995
1 0.91125 0.7480964467005076 0.0625 0.08502538071065989
1 0.32083333333333336 0.32043147208121825 0.135 0.133248730964467
1 0.9091666666666667 0.5450507614213198 0.058333333333333334 0.04695431472081218
1 0.22583333333333336 0.7119289340101522 0.135 0.15989847715736039
1 0.6179166666666667 0.47208121827411165 0.12083333333333333 0.12690355329949238
1 0.71375 0.49682741116751267 0.08916666666666667 0.1383248730964467
1 0.4295833333333334 0.38578680203045684 0.1575 0.18527918781725886
1 0.86375 0.5177664974619289 0.060833333333333336 0.04568527918781726
1 0.7945833333333334 0.4777918781725888 0.06916666666666667 0.06979695431472081
