1 0.4316666666666667 0.5437500000000001 0.135 0.2525
1 0.6266666666666667 0.40875 0.11166666666666668 0.3775
1 0.37125 0.561875 0.12583333333333335 0.22875
1 0.9179166666666667 0.23 0.16083333333333336 0.4475
1 0.33166666666666667 0.614375 0.11666666666666667 0.18375
1 0.7312500000000001 0.30375 0.1391666666666667 0.465
1 0.4766666666666667 0.5231250000000001 0.12666666666666668 0.28875
1 0.2041666666666667 0.81625 0.058333333333333334 0.07
1 0.5283333333333333 0.478125 0.125 0.34625
1 0.2325 0.71125 0.08666666666666667 0.1225
