1 0.2916666666666667 0.718125 0.060000000000000005 0.06125
1 0.1525 0.614375 0.07500000000000001 0.05375
1 0.8483333333333334 0.210625 0.04833333333333334 0.06625
0 0.03916666666666667 0.6825 0.015000000000000001 0.0225
0 0.7383333333333334 0.57625 0.015000000000000001 0.03
1 0.4054166666666667 0.45125 0.037500000000000006 0.0625
1 0.5845833333333333 0.546875 0.0475 0.06375
0 0.5854166666666667 0.698125 0.025833333333333337 0.043750000000000004
1 0.6833333333333333 0.375 0.03333333333333333 0.0725
1 0.6133333333333334 0.141875 0.055 0.07375
1 0.027083333333333334 0.55125 0.052500000000000005 0.0825
0 0.8129166666666667 0.625 0.06583333333333334 0.0475
0 0.52125 0.764375 0.04916666666666667 0.043750000000000004
0 0.17791666666666667 0.75875 0.0475 0.07
0 0.3754166666666667 0.94125 0.11916666666666667 0.0975
0 0.24750000000000003 0.820625 0.04 0.04625
