1 0.5260416666666666 0.17222222222222222 0.09375 0.13518518518518519
1 0.56640625 0.075 0.07552083333333333 0.09814814814814815
1 0.8244791666666667 0.3013888888888889 0.340625 0.5120370370370371
1 0.4270833333333333 0.42453703703703705 0.153125 0.28240740740740744
1 0.23697916666666666 0.41574074074074074 0.09166666666666666 0.23333333333333334
1 0.134375 0.31342592592592594 0.07604166666666666 0.08611111111111111
1 0.6197916666666666 0.4240740740740741 0.1375 0.26666666666666666
1 0.5236979166666667 0.4361111111111111 0.15677083333333333 0.2777777777777778
1 0.31953125 0.41064814814814815 0.14947916666666666 0.2898148148148148
1 0.5674479166666666 0.12361111111111112 0.08697916666666666 0.18055555555555555
1 0.07473958333333333 0.4462962962962963 0.0734375 0.08703703703703704
1 0.4361979166666667 0.2199074074074074 0.09114583333333333 0.11018518518518519
1 0.1421875 0.3888888888888889 0.09583333333333333 0.21481481481481482
