1 0.6312500000000001 0.5332496863237138 0.10416666666666667 0.14052697616060225
1 0.38625000000000004 0.14930991217063988 0.11083333333333334 0.21329987452948557
1 0.54125 0.2082810539523212 0.10416666666666667 0.1631116687578419
1 0.8616666666666667 0.6091593475533249 0.08666666666666667 0.10915934755332496
1 0.9341666666666667 0.541405269761606 0.07666666666666667 0.09912170639899623
1 0.31083333333333335 0.33751568381430364 0.13833333333333334 0.178168130489335
1 0.7366666666666667 0.6148055207026348 0.07666666666666667 0.08782936010037641
1 0.8741666666666668 0.4579673776662484 0.09000000000000001 0.13550815558343787
1 0.7845833333333334 0.38456712672521953 0.13583333333333333 0.2070263488080301
1 0.6675000000000001 0.3212045169385194 0.07500000000000001 0.15558343789209533
