1 0.6516666666666667 0.48 0.09166666666666667 0.2225
1 0.5066666666666667 0.631875 0.07666666666666667 0.18375
1 0.07375000000000001 0.375625 0.14416666666666667 0.17625
1 0.6720833333333334 0.624375 0.08416666666666667 0.20375000000000001
1 0.5229166666666667 0.211875 0.1975 0.22625
1 0.49583333333333335 0.5181250000000001 0.10166666666666667 0.20875
1 0.6629166666666667 0.540625 0.0825 0.18875
1 0.6416666666666667 0.381875 0.095 0.16625
1 0.22916666666666669 0.5675 0.095 0.27
1 0.6837500000000001 0.7000000000000001 0.08750000000000001 0.0975
1 0.5204166666666667 0.73875 0.0675 0.12
