1 0.06375 0.350625 0.12583333333333335 0.15125
1 0.058333333333333334 0.8668750000000001 0.10500000000000001 0.10375000000000001
1 0.8929166666666667 0.338125 0.10583333333333333 0.14625
1 0.68125 0.48875 0.12916666666666668 0.27
1 0.47750000000000004 0.5925 0.115 0.2175
1 0.04416666666666667 0.178125 0.09000000000000001 0.14375000000000002
1 0.29083333333333333 0.69125 0.07666666666666667 0.115
1 0.6254166666666667 0.52375 0.13583333333333333 0.2425
1 0.57625 0.535 0.1325 0.24
1 0.5254166666666668 0.55125 0.12583333333333335 0.23500000000000001
1 0.7308333333333333 0.466875 0.11333333333333334 0.24375
1 0.3754166666666667 0.6218750000000001 0.11083333333333334 0.18875
