1 0.061250000000000006 0.2925 0.12416666666666668 0.2225
1 0.7308333333333333 0.55 0.14333333333333334 0.28
1 0.67125 0.600625 0.15083333333333335 0.33625
1 0.5216666666666667 0.56875 0.14166666666666666 0.27
1 0.5745833333333333 0.579375 0.15416666666666667 0.27875
1 0.05916666666666667 0.15937500000000002 0.12000000000000001 0.27875
1 0.8270833333333334 0.53 0.14416666666666667 0.2675
1 0.42000000000000004 0.574375 0.15333333333333335 0.25125000000000003
1 0.8741666666666668 0.5181250000000001 0.13333333333333333 0.22875
1 0.9566666666666668 0.56 0.085 0.2025
1 0.25958333333333333 0.595 0.21083333333333334 0.1975
