1 0.26806640625 0.16546762589928057 0.2197265625 0.31366906474820144
1 0.0634765625 0.0856115107913669 0.12890625 0.16546762589928057
1 0.20263671875 0.09352517985611511 0.3955078125 0.18129496402877698
0 0.439453125 0.3129496402877698 0.01953125 0.02446043165467626
1 0.71484375 0.5007194244604317 0.04296875 0.11223021582733814
1 0.259765625 0.2539568345323741 0.193359375 0.18561151079136692
1 0.42041015625 0.2474820143884892 0.1240234375 0.14388489208633093
1 0.5712890625 0.18489208633093526 0.1640625 0.28345323741007195
0 0.45361328125 0.18489208633093526 0.0341796875 0.04460431654676259
0 0.44482421875 0.07122302158273382 0.0654296875 0.1366906474820144
