1 0.08409090909090909 0.3389423076923077 0.16818181818181818 0.3317307692307693
1 0.571590909090909 0.15865384615384617 0.22499999999999998 0.31730769230769235
1 0.35454545454545455 0.19711538461538464 0.2409090909090909 0.3942307692307693
1 0.10568181818181818 0.43509615384615385 0.19318181818181818 0.21634615384615385
1 0.07272727272727272 0.21153846153846156 0.15 0.40384615384615385
1 0.8340909090909091 0.25480769230769235 0.18181818181818182 0.4519230769230769
1 0.16477272727272727 0.6009615384615385 0.09772727272727272 0.20192307692307693
1 0.9579545454545454 0.37980769230769235 0.075 0.2403846153846154
0 0.6602272727272727 0.5697115384615385 0.056818181818181816 0.14903846153846154
0 0.3727272727272727 0.5985576923076923 0.1409090909090909 0.32211538461538464
0 0.5488636363636363 0.5240384615384616 0.11136363636363636 0.4134615384615385
