0 0.5664335664335665 0.5390625 0.03496503496503497 0.025
0 0.5576923076923077 0.53828125 0.019813519813519812 0.0234375
0 0.2937062937062937 0.51953125 0.027972027972027972 0.0234375
0 0.5821678321678322 0.53828125 0.054778554778554776 0.035937500000000004
0 0.49009324009324007 0.784375 0.06876456876456877 0.028125
0 0.4458041958041958 0.53515625 0.0337995337995338 0.0546875
0 0.7342657342657343 0.53671875 0.11655011655011654 0.06406250000000001
0 0.7156177156177156 0.65625 0.05128205128205128 0.025
0 0.7744755244755245 0.71015625 0.047785547785547784 0.035937500000000004
0 0.37004662004662003 0.5320312500000001 0.05710955710955711 0.060937500000000006
