1 0.29125 0.66125 0.08416666666666667 0.135
1 0.7275 0.483125 0.15000000000000002 0.23375
1 0.6212500000000001 0.506875 0.1391666666666667 0.23125
1 0.5754166666666667 0.533125 0.12583333333333335 0.22625
1 0.06208333333333334 0.323125 0.12250000000000001 0.14875
1 0.5279166666666667 0.5543750000000001 0.12916666666666668 0.22125
1 0.7770833333333333 0.479375 0.13416666666666668 0.20875
1 0.6516666666666667 0.31 0.12666666666666668 0.11750000000000001
1 0.6687500000000001 0.4825 0.14083333333333334 0.2625
1 0.042083333333333334 0.154375 0.08583333333333334 0.15125
1 0.43041666666666667 0.60875 0.13083333333333333 0.2025
1 0.4716666666666667 0.5925 0.115 0.2175
1 0.3741666666666667 0.6225 0.125 0.1825
1 0.32875000000000004 0.636875 0.12250000000000001 0.16375
