1 0.5208333333333334 0.6462378640776698 0.125 0.24150485436893201
1 0.8450000000000001 0.7609223300970873 0.095 0.06067961165048543
1 0.22958333333333336 0.5115291262135921 0.13583333333333333 0.2512135922330097
1 0.7133333333333334 0.6935679611650485 0.11333333333333334 0.13470873786407767
1 0.8237500000000001 0.737257281553398 0.12916666666666668 0.09344660194174756
1 0.4241666666666667 0.5910194174757281 0.14833333333333334 0.23543689320388347
1 0.17541666666666667 0.46966019417475724 0.14583333333333334 0.28640776699029125
1 0.27708333333333335 0.5558252427184466 0.11916666666666667 0.20388349514563106
1 0.7820833333333334 0.7196601941747572 0.1125 0.11650485436893203
1 0.07125000000000001 0.4526699029126213 0.1391666666666667 0.3276699029126213
1 0.48208333333333336 0.6104368932038834 0.1391666666666667 0.24757281553398056
1 0.3670833333333334 0.5807038834951456 0.13083333333333333 0.21237864077669902
1 0.6645833333333334 0.6711165048543689 0.12250000000000001 0.16504854368932037
