1 0.08625000000000001 0.593125 0.09083333333333334 0.13125
0 0.9829166666666668 0.774375 0.030833333333333334 0.058750000000000004
1 0.06791666666666667 0.5475 0.08916666666666667 0.1325
1 0.03791666666666667 0.46 0.0775 0.17500000000000002
1 0.41750000000000004 0.448125 0.043333333333333335 0.05625
0 0.79625 0.77875 0.0175 0.03
1 0.5704166666666667 0.595 0.04416666666666667 0.06
0 0.68625 0.765 0.10916666666666668 0.05
0 0.07500000000000001 0.9225 0.03333333333333333 0.07
0 0.3829166666666667 0.950625 0.0325 0.06375
0 0.46208333333333335 0.849375 0.03416666666666667 0.06875
