1 0.65375 0.5687382297551788 0.0425 0.19962335216572505
1 0.1075 0.6045197740112994 0.0625 0.08662900188323917
1 0.018125 0.11581920903954802 0.03875 0.1902071563088512
1 0.11375 0.2806026365348399 0.06 0.17702448210922786
1 0.951875 0.17325800376647835 0.09375 0.3126177024482109
0 0.050625 0.22975517890772126 0.01125 0.04896421845574388
1 0.11 0.48587570621468923 0.065 0.1694915254237288
1 0.675 0.24293785310734461 0.1575 0.09416195856873823
0 0.0275 0.4774011299435028 0.0475 0.14500941619585686
1 0.19375 0.4821092278719397 0.0475 0.14689265536723164
1 0.4925 0.5451977401129944 0.0425 0.2165725047080979
0 0.69375 0.3549905838041431 0.055 0.17890772128060262
1 0.28125 0.2853107344632768 0.055 0.17890772128060262
1 0.283125 0.5188323917137476 0.06375 0.23163841807909605
1 0.355625 0.2815442561205273 0.06125 0.1751412429378531
1 0.86625 0.4623352165725047 0.18 0.2655367231638418
1 0.551875 0.5564971751412429 0.04625 0.2128060263653484
0 0.505625 0.3182674199623352 0.21375 0.256120527306968
1 0.429375 0.5235404896421846 0.05375 0.2222222222222222
1 0.19375 0.2843691148775894 0.0675 0.1958568738229755
1 0.35875 0.519774011299435 0.055 0.2184557438794727
1 0.6062500000000001 0.5630885122410546 0.0475 0.20338983050847456
