1 0.48250000000000004 0.61375 0.09000000000000001 0.1775
0 0.5308333333333334 0.878125 0.011666666666666667 0.02375
1 0.24208333333333334 0.31875000000000003 0.2391666666666667 0.22
0 0.29250000000000004 0.904375 0.016666666666666666 0.02125
0 0.7558333333333334 0.75 0.028333333333333335 0.045
1 0.29333333333333333 0.1375 0.13 0.1625
0 0.7954166666666668 0.686875 0.030833333333333334 0.04625
0 0.3766666666666667 0.685 0.1 0.21
0 0.47958333333333336 0.82625 0.0325 0.055
0 0.5825 0.835 0.03333333333333333 0.0725
