1 0.3111111111111111 0.18000000000000002 0.13333333333333333 0.24000000000000002
1 0.18222222222222223 0.81 0.15555555555555556 0.29333333333333333
1 0.87 0.24666666666666667 0.2511111111111111 0.4
1 0.8866666666666667 0.4733333333333334 0.2222222222222222 0.5133333333333334
0 0.6011111111111112 0.32 0.024444444444444446 0.04666666666666667
0 0.2822222222222222 0.41500000000000004 0.026666666666666665 0.043333333333333335
1 0.9122222222222223 0.8533333333333334 0.1711111111111111 0.2733333333333334
0 0.5388888888888889 0.35333333333333333 0.06444444444444444 0.11333333333333334
0 0.7577777777777778 0.685 0.12444444444444444 0.5033333333333334
0 0.25 0.7833333333333334 0.028888888888888888 0.06666666666666667
0 0.7144444444444444 0.28500000000000003 0.05555555555555555 0.15666666666666668
1 0.42666666666666664 0.42500000000000004 0.13777777777777778 0.21000000000000002
0 0.6 0.505 0.026666666666666665 0.05
0 0.4033333333333333 0.8383333333333334 0.028888888888888888 0.05666666666666667
0 0.76 0.8550000000000001 0.10222222222222223 0.17666666666666667
0 0.73 0.5266666666666667 0.08222222222222222 0.18000000000000002
0 0.6022222222222222 0.935 0.026666666666666665 0.06333333333333334
0 0.5322222222222223 0.05166666666666667 0.06888888888888889 0.09666666666666668
