0 0.6980000000000001 0.2909090909090909 0.044 0.048484848484848485
0 0.338 0.37575757575757573 0.028 0.024242424242424242
1 0.389 0.4575757575757576 0.08600000000000001 0.13333333333333333
0 0.49 0.34393939393939393 0.056 0.08181818181818182
0 0.40700000000000003 0.36363636363636365 0.034 0.04242424242424243
0 0.402 0.5272727272727272 0.06 0.048484848484848485
1 0.51 0.15303030303030302 0.6920000000000001 0.29393939393939394
0 0.497 0.4409090909090909 0.082 0.21515151515151515
0 0.6960000000000001 0.5 0.088 0.13333333333333333
0 0.301 0.5484848484848485 0.062 0.048484848484848485
0 0.233 0.36666666666666664 0.098 0.12727272727272726
