1 0.4809090909090909 0.06103763987792472 0.8745454545454545 0.12207527975584943
1 0.6672727272727272 0.3209562563580875 0.3236363636363636 0.24516785350966427
1 0.13363636363636364 0.17599186164801628 0.21272727272727274 0.21770091556459817
0 0.6236363636363637 0.556968463886063 0.05090909090909091 0.04781281790437436
0 0.39181818181818184 0.8107833163784334 0.038181818181818185 0.01627670396744659
0 0.15272727272727274 0.5559511698880977 0.05090909090909091 0.04781281790437436
0 0.3836363636363636 0.5615462868769074 0.04727272727272727 0.050864699898270596
0 0.6645454545454546 0.46185147507629704 0.2672727272727273 0.03662258392675483
0 0.73 0.5595116988809766 0.05272727272727273 0.050864699898270596
0 0.730909090909091 0.6398779247202442 0.05454545454545454 0.052899287894201424
0 0.35454545454545455 0.18870803662258392 0.2509090909090909 0.20040691759918616
0 0.1509090909090909 0.6444557477110885 0.04 0.05188199389623601
0 0.6218181818181818 0.638351983723296 0.05454545454545454 0.04984740590030519
0 0.14272727272727273 0.8997965412004069 0.05272727272727273 0.04374364191251272
0 0.5063636363636363 0.6403865717192269 0.05272727272727273 0.05188199389623601
0 0.3836363636363636 0.6444557477110885 0.05090909090909091 0.05595116988809766
0 0.26454545454545453 0.6444557477110885 0.05272727272727273 0.05595116988809766
0 0.51 0.7273652085452695 0.06 0.05696846388606307
0 0.26545454545454544 0.5600203458799593 0.04727272727272727 0.04984740590030519
