0 0.83 0.6512261580381471 0.023636363636363636 0.027247956403269755
0 0.5790909090909091 0.7438692098092643 0.02727272727272727 0.0326975476839237
1 0.4809090909090909 0.30381471389645776 0.8563636363636363 0.4877384196185286
0 0.6145454545454545 0.6961852861035422 0.014545454545454545 0.04087193460490463
0 0.41909090909090907 0.6539509536784741 0.02 0.021798365122615803
0 0.5609090909090909 0.7493188010899182 0.07454545454545454 0.0326975476839237
0 0.4072727272727273 0.8433242506811989 0.02181818181818182 0.03542234332425068
0 0.3336363636363636 0.6185286103542235 0.02727272727272727 0.027247956403269755
0 0.5663636363636364 0.6226158038147138 0.016363636363636365 0.024523160762942777
0 0.042727272727272725 0.9618528610354223 0.02727272727272727 0.027247956403269755
0 0.53 0.6716621253405994 0.03090909090909091 0.04632152588555858
0 0.045454545454545456 0.5408719346049046 0.06181818181818182 0.06267029972752043
0 0.7445454545454545 0.6226158038147138 0.06727272727272728 0.06267029972752043
