0 0.3482758620689655 0.34393939393939393 0.05172413793103448 0.05757575757575758
0 0.4077586206896552 0.6075757575757575 0.03620689655172414 0.05757575757575758
0 0.4870689655172414 0.5606060606060606 0.03620689655172414 0.048484848484848485
1 0.1146551724137931 0.2515151515151515 0.23275862068965517 0.4666666666666667
1 0.5879310344827586 0.1621212121212121 0.43103448275862066 0.3
0 0.4370689655172414 0.38333333333333336 0.04655172413793103 0.06363636363636363
1 0.5689655172413793 0.3803030303030303 0.0793103448275862 0.1787878787878788
0 0.3103448275862069 0.23939393939393938 0.10689655172413792 0.1393939393939394
0 0.08706896551724137 0.5242424242424243 0.1706896551724138 0.10909090909090909
0 0.675 0.5196969696969697 0.05344827586206896 0.051515151515151514
