1 0.11166666666666668 0.6954887218045113 0.21666666666666667 0.13784461152882205
1 0.8933333333333334 0.6954887218045113 0.20833333333333334 0.43609022556390975
1 0.70625 0.39598997493734334 0.21250000000000002 0.2581453634085213
0 0.7308333333333333 0.593984962406015 0.06666666666666667 0.13283208020050125
1 0.22375 0.8916040100250626 0.13583333333333333 0.15413533834586465
1 0.48625 0.6585213032581453 0.3275 0.20676691729323307
1 0.38458333333333333 0.9348370927318295 0.1391666666666667 0.11779448621553884
1 0.5587500000000001 0.8740601503759398 0.08583333333333334 0.18421052631578946
1 0.09083333333333334 0.4022556390977443 0.18333333333333335 0.2506265664160401
0 0.7195833333333334 0.7086466165413533 0.1391666666666667 0.3872180451127819
0 0.15375 0.6152882205513784 0.04583333333333334 0.06015037593984962
0 0.27458333333333335 0.6177944862155388 0.07083333333333333 0.22556390977443608
