1 0.515625 0.09351851851851853 0.11145833333333333 0.1685185185185185
0 0.07552083333333333 0.4842592592592593 0.041666666666666664 0.06481481481481481
1 0.36171875 0.0699074074074074 0.24010416666666667 0.1287037037037037
1 0.3502604166666667 0.44212962962962965 0.06927083333333334 0.3194444444444445
1 0.39557291666666666 0.18796296296296297 0.10364583333333333 0.14814814814814814
0 0.4875 0.20231481481481484 0.04375 0.08611111111111111
0 0.3651041666666667 0.6245370370370371 0.05520833333333333 0.06574074074074074
0 0.4875 0.5773148148148148 0.040625 0.1175925925925926
0 0.41901041666666666 0.3842592592592593 0.0546875 0.13333333333333333
0 0.6151041666666667 0.1912037037037037 0.06979166666666667 0.3768518518518519
