1 0.11015625 0.08240740740740742 0.22135416666666666 0.16481481481481483
1 0.4359375 0.10648148148148148 0.4125 0.20740740740740743
1 0.9361979166666666 0.07731481481481482 0.1265625 0.1527777777777778
1 0.3111979166666667 0.15462962962962964 0.1609375 0.2777777777777778
0 0.234375 0.8310185185185186 0.040625 0.06574074074074074
1 0.20833333333333334 0.6240740740740741 0.11979166666666667 0.2537037037037037
0 0.4395833333333333 0.538425925925926 0.013541666666666667 0.036111111111111115
1 0.9072916666666666 0.24444444444444446 0.15729166666666666 0.21296296296296297
0 0.04635416666666667 0.7578703703703704 0.026041666666666668 0.05462962962962963
0 0.3658854166666667 0.49953703703703706 0.027604166666666666 0.08055555555555556
0 0.8197916666666667 0.40601851851851856 0.030208333333333334 0.09907407407407408
1 0.22864583333333333 0.412962962962963 0.12291666666666666 0.18888888888888888
0 0.8901041666666667 0.36712962962962964 0.021875 0.05092592592592593
0 0.17265625 0.799537037037037 0.1515625 0.125
