1 0.05493951612903226 0.5863636363636363 0.10987903225806452 0.21515151515151515
1 0.18346774193548387 0.5977272727272728 0.12298387096774194 0.3378787878787879
1 0.858366935483871 0.5575757575757576 0.16028225806451613 0.26666666666666666
1 0.6915322580645161 0.18787878787878787 0.07056451612903225 0.10909090909090909
1 0.6930443548387096 0.31287878787878787 0.07560483870967742 0.12272727272727273
1 0.38256048387096775 0.30227272727272725 0.07963709677419355 0.18636363636363637
1 0.5131048387096774 0.075 0.41129032258064513 0.14393939393939395
1 0.6683467741935484 0.5787878787878787 0.15524193548387097 0.21818181818181817
0 0.6678427419354839 0.41818181818181815 0.08165322580645161 0.10909090909090909
0 0.5257056451612903 0.5143939393939394 0.24899193548387097 0.7924242424242425
