1 0.47692307692307695 0.25757575757575757 0.3423076923076923 0.43636363636363634
1 0.525 0.3560606060606061 0.25384615384615383 0.30606060606060603
0 0.6326923076923078 0.5075757575757576 0.04230769230769231 0.03939393939393939
1 0.7000000000000001 0.5227272727272727 0.13076923076923078 0.13636363636363635
0 0.6076923076923078 0.7848484848484848 0.07692307692307693 0.08484848484848485
0 0.27884615384615385 0.5545454545454546 0.038461538461538464 0.05454545454545454
0 0.7028846153846154 0.603030303030303 0.028846153846153848 0.05454545454545454
1 0.13461538461538464 0.5954545454545455 0.1653846153846154 0.42727272727272725
0 0.7461538461538462 0.6378787878787878 0.11153846153846154 0.11212121212121212
0 0.5307692307692308 0.696969696969697 0.023076923076923078 0.03636363636363636
0 0.6586538461538461 0.7333333333333333 0.032692307692307694 0.030303030303030304
0 0.5836538461538462 0.7560606060606061 0.032692307692307694 0.051515151515151514
0 0.6980769230769232 0.8742424242424243 0.038461538461538464 0.03939393939393939
0 0.5836538461538462 0.6090909090909091 0.1326923076923077 0.15151515151515152
0 0.6230769230769231 0.806060606060606 0.04230769230769231 0.05454545454545454
0 0.4134615384615385 0.553030303030303 0.2 0.21515151515151515
