0 0.11927083333333333 0.3560185185185185 0.035416666666666666 0.08055555555555556
0 0.5236979166666667 0.43703703703703706 0.0296875 0.05
0 0.5434895833333333 0.4337962962962963 0.028645833333333332 0.04722222222222222
0 0.5177083333333333 0.4444444444444445 0.015625 0.03333333333333333
1 0.09765625 0.1912037037037037 0.18177083333333333 0.1787037037037037
1 0.26328125 0.27361111111111114 0.16927083333333334 0.36388888888888893
1 0.3854166666666667 0.42129629629629634 0.11979166666666667 0.25925925925925924
0 0.4591145833333333 0.4115740740740741 0.04010416666666666 0.09166666666666667
0 0.48125 0.6212962962962963 0.036458333333333336 0.10370370370370371
0 0.48072916666666665 0.28425925925925927 0.05520833333333333 0.14814814814814814
