1 0.11171875 0.8943661971830986 0.0734375 0.16901408450704225
0 0.8289062500000001 0.4847417840375587 0.026562500000000003 0.04929577464788733
0 0.85703125 0.2476525821596244 0.0234375 0.07276995305164319
1 0.7664062500000001 0.2805164319248826 0.1296875 0.1619718309859155
0 0.7117187500000001 0.6502347417840376 0.0140625 0.028169014084507043
0 0.6804687500000001 0.23004694835680753 0.0140625 0.018779342723004695
1 0.9296875 0.11150234741784038 0.08750000000000001 0.17605633802816903
0 0.3640625 0.27230046948356806 0.034375 0.04225352112676056
1 0.2328125 0.5316901408450704 0.2625 0.8004694835680751
1 0.7609375 0.1596244131455399 0.134375 0.2863849765258216
0 0.8171875000000001 0.4894366197183099 0.037500000000000006 0.04929577464788733
0 0.6203125 0.4812206572769953 0.018750000000000003 0.03755868544600939
1 0.94296875 0.539906103286385 0.09531250000000001 0.20187793427230047
0 0.53671875 0.08215962441314555 0.029687500000000002 0.046948356807511735
0 0.6820312500000001 0.3826291079812207 0.0171875 0.046948356807511735
1 0.48203125 0.40962441314553993 0.13593750000000002 0.44366197183098594
0 0.6828125 0.1795774647887324 0.018750000000000003 0.03990610328638498
0 0.6078125000000001 0.08450704225352113 0.03125 0.056338028169014086
0 0.6117187500000001 0.18544600938967137 0.0328125 0.056338028169014086
0 0.8546875 0.14906103286384978 0.046875 0.2605633802816901
0 0.6796875 0.29812206572769956 0.025 0.028169014084507043
0 0.47265625 0.06103286384976526 0.045312500000000006 0.0892018779342723
0 0.76875 0.40610328638497656 0.040625 0.0892018779342723
