0 0.25286458333333334 0.6324074074074074 0.05677083333333333 0.15925925925925927
0 0.7294270833333333 0.24953703703703706 0.16197916666666667 0.22685185185185186
1 0.9244791666666666 0.06898148148148149 0.15 0.1398148148148148
1 0.17708333333333334 0.08472222222222223 0.284375 0.16574074074074074
1 0.14375 0.7236111111111111 0.13125 0.44722222222222224
0 0.7770833333333333 0.3143518518518519 0.059375 0.1175925925925926
1 0.175 0.3699074074074074 0.24895833333333334 0.3787037037037037
1 0.5229166666666667 0.09351851851851853 0.19375 0.17037037037037037
0 0.684375 0.21157407407407408 0.07604166666666666 0.22314814814814815
1 0.7671875 0.1300925925925926 0.09583333333333333 0.23611111111111113
