0 0.5709183673469388 0.4416282642089094 0.025510204081632654 0.05683563748079877
0 0.763265306122449 0.4477726574500768 0.04285714285714286 0.12135176651305683
1 0.5719387755102041 0.17357910906298002 0.07448979591836735 0.30721966205837176
1 0.8413265306122449 0.2073732718894009 0.3112244897959184 0.4055299539170507
1 0.02602040816326531 0.06374807987711213 0.05408163265306123 0.12749615975422426
1 0.6862244897959184 0.4362519201228879 0.12142857142857144 0.282642089093702
0 0.7785714285714287 0.6751152073732719 0.2122448979591837 0.5698924731182796
1 0.16479591836734694 0.06144393241167435 0.1153061224489796 0.1228878648233487
0 0.6428571428571429 0.18663594470046083 0.07551020408163266 0.28417818740399386
0 0.12806122448979593 0.24270353302611367 0.0826530612244898 0.1966205837173579
