1 0.9120982986767486 0.17754777070063696 0.13799621928166353 0.3582802547770701
0 0.6899810964083176 0.3853503184713376 0.04914933837429112 0.038216560509554146
0 0.7637051039697543 0.7707006369426752 0.04158790170132325 0.03184713375796178
1 0.7920604914933838 0.6226114649681529 0.3705103969754253 0.18789808917197454
0 0.8865784499054821 0.7651273885350319 0.034026465028355386 0.03662420382165605
0 0.9527410207939508 0.375 0.06049149338374291 0.04617834394904459
0 0.02835538752362949 0.660031847133758 0.052930056710775046 0.03662420382165605
0 0.7703213610586012 0.19904458598726116 0.13799621928166353 0.08280254777070065
0 0.5482041587901701 0.7977707006369427 0.052930056710775046 0.054140127388535034
0 0.4555765595463138 0.6640127388535032 0.2495274102079395 0.12420382165605096
0 0.7703213610586012 0.304140127388535 0.1228733459357278 0.07961783439490447
0 0.7580340264650284 0.5 0.10586011342155009 0.08280254777070065
